Grötzsch graph:
```
var N=11, edges=new Array(
[0, 0, 1, 1, 0, 0, 0, 1, 1, 0, 0,],
[0, 0, 0, 1, 1, 0, 0, 0, 1, 1, 0,],
[1, 0, 0, 0, 1, 1, 0, 0, 0, 1, 0,],
[1, 1, 0, 0, 0, 1, 1, 0, 0, 0, 0,],
[0, 1, 1, 0, 0, 0, 1, 1, 0, 0, 0,],
[0, 0, 1, 1, 0, 0, 0, 0, 0, 0, 1,],
[0, 0, 0, 1, 1, 0, 0, 0, 0, 0, 1,],
[1, 0, 0, 0, 1, 0, 0, 0, 0, 0, 1,],
[1, 1, 0, 0, 0, 0, 0, 0, 0, 0, 1,],
[0, 1, 1, 0, 0, 0, 0, 0, 0, 0, 1,],
[0, 0, 0, 0, 0, 1, 1, 1, 1, 1, 0,]
);

var vertices=new Array();
for (var i=0;i<10;++i) vertices[i]=[(2.5-(i-i%5)/5)*Math.cos((i>=5?Math.PI:0)+Math.PI/2+2*Math.PI/5*(i%5)),(2.5-(i-i%5)/5)*Math.sin((i>=5?Math.PI:0)+Math.PI/2+2*Math.PI/5*(i%5))];
vertices[10]=[0,0];

var K=3;
var winning=new Array(
[0, 0, 0, 0, 1, 0, 1, 0, 0, 0, 0],
[0, 0, 1, 0, 0, 0, 0, 1, 0, 0, 0],
[1, 1, 0, 0, 0, 0, 0, 0, 0, 0, 0],
);
var players=new Array(
"Lesha",
"Vanya",
"Sasha",
);
var colors=new Array(
"#f7a",
"#4d4",
"#3bf",
);

var startVrt=5;
M=10;
p=0.5;
```
